330
58
92
34
92
34
295
295
21
295
21
295
21
295
21
298
298
298
317
276
276
276
276
276
276
20
404
396
396
396
405
405
405
405
305
287
279
279
279
279
160
287
276
276
276
276
276
276
276
276
276
276
404
396
396
396
405
405
405
405
305
287
279
279
279
279
160
287
276
276
276
276
276
276
276
276
276
276
405
405
405
405
405
405
237
395
31
395
31
395
31
395
31
290
310
21
295
21
295
21
295
21
295
21
295
21
295
21
295
21
295
21
295
21
288
59
268
396
128
44
112
20
112
20
290
251
31
251
31
251
31
251
31
252
252
252
253
310
310
310
310
310
310
396
128
44
112
20
112
20
290
251
31
251
31
251
31
251
31
252
252
252
253
310
310
310
310
310
310
330
58
92
34
92
34
296
295
21
295
21
295
21
295
21
309
309
309
317
276
276
276
276
276
276
330
58
92
34
92
34
296
295
21
295
21
295
21
295
21
309
309
309
317
276
276
276
276
276
276
343
60
343
71
71
288
59
288
59
288
59
288
59
264
16
265
265
265
379
160
160
160
160
160
160
404
396
396
396
405
405
405
405
305
287
279
279
279
279
160
287
276
276
276
276
276
276
276
276
276
276
405
405
405
405
405
405
237
395
31
395
31
395
31
395
31
290
310
21
295
21
295
21
295
21
295
21
295
21
295
21
295
21
295
21
295
21
288
59
268
330
58
92
34
92
34
296
295
21
295
21
295
21
295
21
309
309
309
317
276
276
276
276
276
276
404
396
396
396
405
405
405
405
305
287
279
279
279
279
160
287
276
276
276
276
276
276
276
276
276
276
404
396
396
396
405
405
405
405
305
287
279
279
279
279
160
287
276
276
276
276
276
276
276
276
276
276
396
128
44
112
20
112
20
290
251
31
251
31
251
31
251
31
252
252
252
253
310
310
310
310
310
310
92
42
92
42
92
42
92
42
92
42
92
42
92
42
92
42
92
42
92
42
92
20
92
20
92
20
92
20
92
20
89
71
91
91
92
42
92
42
92
42
92
42
92
42
92
42
92
42
92
42
92
42
92
42
92
20
92
20
92
20
92
20
92
20
89
71
91
91
405
405
405
405
405
405
237
395
31
395
31
395
31
395
31
290
310
21
295
21
295
21
295
21
295
21
295
21
295
21
295
21
295
21
295
21
288
59
268
330
58
92
34
92
34
296
295
21
295
21
295
21
295
21
309
309
309
317
276
276
276
276
276
276
330
58
92
34
92
34
296
295
21
295
21
295
21
295
21
309
309
309
317
276
276
276
276
276
276
396
128
44
112
20
112
20
290
251
31
251
31
251
31
251
31
252
252
252
253
310
310
310
310
310
310
370
58
89
89
308
237
237
237
237
264
42
264
42
264
42
237
287
287
287
287
287
287
20
334
73
343
305
305
305
305
305
305
312
344
310
310
310
333
333
333
333
91
91
404
396
396
396
405
405
405
405
305
287
279
279
279
279
160
287
276
276
276
276
276
276
276
276
276
276
330
58
92
34
92
34
296
295
21
295
21
295
21
295
21
309
309
309
317
276
276
276
276
276
276
396
396
396
396
396
396
286
42
339
298
298
298
298
298
298
298
298
298
298
304
304
304
304
265
276
330
58
92
34
92
34
296
295
21
295
21
295
21
295
21
309
309
309
317
276
276
276
276
276
276
404
404
404
404
404
404
344
295
237
296
296
296
296
296
296
296
296
296
264
16
237
237
237
237
275
396
396
396
396
396
396
286
42
339
298
298
298
298
298
298
298
298
298
298
304
304
304
304
265
276
330
58
92
34
92
34
296
295
21
295
21
295
21
295
21
309
309
309
317
276
276
276
276
276
276
312
308
290
290
290
290
292
379
317
317
317
317
317
317
317
317
317
317
330
58
92
34
92
34
296
295
21
295
21
295
21
295
21
309
309
309
317
276
276
276
276
276
276
396
396
396
396
396
396
286
42
339
298
298
298
298
298
298
298
298
298
298
304
304
304
304
265
276
405
405
405
405
405
405
237
395
31
395
31
395
31
395
31
290
310
21
295
21
295
21
295
21
295
21
295
21
295
21
295
21
295
21
295
21
288
59
268
352
58
352
58
352
58
352
58
352
58
352
58
352
58
352
58
352
58
352
58
328
63
328
63
328
63
328
63
381
58
352
60
356
73
92
20
92
20
296
259
277
277
277
269
48
269
48
269
48
269
48
271
271
271
271
271
271
